[
  [
    [
      0.14745666615183028,
      0.7320907038614617,
      0.665056187796954,
      -0.10000000149011612
    ],
    [
      -0.9085512936563156,
      0.3659981688400473,
      -0.201444501541163,
      -0.03999999910593033
    ],
    [
      -0.39088499383171904,
      -0.574533325165183,
      0.7191108258619217,
      -0.07000000029802322
    ],
    [
      0.0,
      0.0,
      0.0,
      1.0
    ]
  ],
  [
    [
      0.14745666615183028,
      0.7320907038614617,
      0.665056187796954,
      -0.10000000149011612
    ],
    [
      -0.9085512936563156,
      0.3659981688400473,
      -0.201444501541163,
      -0.03999999910593033
    ],
    [
      -0.39088499383171904,
      -0.574533325165183,
      0.7191108258619217,
      -0.07000000029802322
    ],
    [
      0.0,
      0.0,
      0.0,
      1.0
    ]
  ],
  [
    [
      0.14745666615183028,
      0.7320907038614617,
      0.665056187796954,
      -0.10000000149011612
    ],
    [
      -0.9085512936563156,
      0.3659981688400473,
      -0.201444501541163,
      -0.03999999910593033
    ],
    [
      -0.39088499383171904,
      -0.574533325165183,
      0.7191108258619217,
      -0.07000000029802322
    ],
    [
      0.0,
      0.0,
      0.0,
      1.0
    ]
  ],
  [
    [
      0.14745666615183028,
      0.7320907038614617,
      0.665056187796954,
      -0.10000000149011612
    ],
    [
      -0.9085512936563156,
      0.3659981688400473,
      -0.201444501541163,
      -0.03999999910593033
    ],
    [
      -0.39088499383171904,
      -0.574533325165183,
      0.7191108258619217,
      -0.07000000029802322
    ],
    [
      0.0,
      0.0,
      0.0,
      1.0
    ]
  ],
  [
    [
      0.14745666615183028,
      0.7320907038614617,
      0.665056187796954,
      -0.10000000149011612
    ],
    [
      -0.9085512936563156,
      0.3659981688400473,
      -0.201444501541163,
      -0.03999999910593033
    ],
    [
      -0.39088499383171904,
      -0.574533325165183,
      0.7191108258619217,
      -0.07000000029802322
    ],
    [
      0.0,
      0.0,
      0.0,
      1.0
    ]
  ],
  [
    [
      0.14745666615183028,
      0.7320907038614617,
      0.665056187796954,
      -0.10000000149011612
    ],
    [
      -0.9085512936563156,
      0.3659981688400473,
      -0.201444501541163,
      -0.03999999910593033
    ],
    [
      -0.39088499383171904,
      -0.574533325165183,
      0.7191108258619217,
      -0.07000000029802322
    ],
    [
      0.0,
      0.0,
      0.0,
      1.0
    ]
  ],
  [
    [
      0.14745666615183028,
      0.7320907038614617,
      0.665056187796954,
      -0.10000000149011612
    ],
    [
      -0.9085512936563156,
      0.3659981688400473,
      -0.201444501541163,
      -0.03999999910593033
    ],
    [
      -0.39088499383171904,
      -0.574533325165183,
      0.7191108258619217,
      -0.07000000029802322
    ],
    [
      0.0,
      0.0,
      0.0,
      1.0
    ]
  ],
  [
    [
      0.14745666615183028,
      0.7320907038614617,
      0.665056187796954,
      -0.10000000149011612
    ],
    [
      -0.9085512936563156,
      0.3659981688400473,
      -0.201444501541163,
      -0.03999999910593033
    ],
    [
      -0.39088499383171904,
      -0.574533325165183,
      0.7191108258619217,
      -0.07000000029802322
    ],
    [
      0.0,
      0.0,
      0.0,
      1.0
    ]
  ],
  [
    [
      0.14745666615183028,
      0.7320907038614617,
      0.665056187796954,
      -0.10000000149011612
    ],
    [
      -0.9085512936563156,
      0.3659981688400473,
      -0.201444501541163,
      -0.03999999910593033
    ],
    [
      -0.39088499383171904,
      -0.574533325165183,
      0.7191108258619217,
      -0.07000000029802322
    ],
    [
      0.0,
      0.0,
      0.0,
      1.0
    ]
  ],
  [
    [
      0.14745666615183028,
      0.7320907038614617,
      0.665056187796954,
      -0.10000000149011612
    ],
    [
      -0.9085512936563156,
      0.3659981688400473,
      -0.201444501541163,
      -0.03999999910593033
    ],
    [
      -0.39088499383171904,
      -0.574533325165183,
      0.7191108258619217,
      -0.07000000029802322
    ],
    [
      0.0,
      0.0,
      0.0,
      1.0
    ]
  ],
  [
    [
      0.14745666615183028,
      0.7320907038614617,
      0.665056187796954,
      -0.10000000149011612
    ],
    [
      -0.9085512936563156,
      0.3659981688400473,
      -0.201444501541163,
      -0.03999999910593033
    ],
    [
      -0.39088499383171904,
      -0.574533325165183,
      0.7191108258619217,
      -0.07000000029802322
    ],
    [
      0.0,
      0.0,
      0.0,
      1.0
    ]
  ],
  [
    [
      0.14745666615183028,
      0.7320907038614617,
      0.665056187796954,
      -0.10000000149011612
    ],
    [
      -0.9085512936563156,
      0.3659981688400473,
      -0.201444501541163,
      -0.03999999910593033
    ],
    [
      -0.39088499383171904,
      -0.574533325165183,
      0.7191108258619217,
      -0.07000000029802322
    ],
    [
      0.0,
      0.0,
      0.0,
      1.0
    ]
  ],
  [
    [
      0.14745666615183028,
      0.7320907038614617,
      0.665056187796954,
      -0.10000000149011612
    ],
    [
      -0.9085512936563156,
      0.3659981688400473,
      -0.201444501541163,
      -0.03999999910593033
    ],
    [
      -0.39088499383171904,
      -0.574533325165183,
      0.7191108258619217,
      -0.07000000029802322
    ],
    [
      0.0,
      0.0,
      0.0,
      1.0
    ]
  ],
  [
    [
      0.14745666615183028,
      0.7320907038614617,
      0.665056187796954,
      -0.10000000149011612
    ],
    [
      -0.9085512936563156,
      0.3659981688400473,
      -0.201444501541163,
      -0.03999999910593033
    ],
    [
      -0.39088499383171904,
      -0.574533325165183,
      0.7191108258619217,
      -0.07000000029802322
    ],
    [
      0.0,
      0.0,
      0.0,
      1.0
    ]
  ],
  [
    [
      0.14745666615183028,
      0.7320907038614617,
      0.665056187796954,
      -0.10000000149011612
    ],
    [
      -0.9085512936563156,
      0.3659981688400473,
      -0.201444501541163,
      -0.03999999910593033
    ],
    [
      -0.39088499383171904,
      -0.574533325165183,
      0.7191108258619217,
      -0.07000000029802322
    ],
    [
      0.0,
      0.0,
      0.0,
      1.0
    ]
  ]
]